tensor(0.3509) 0.8899138991389914 tensor(0.4754) 0.8275862068965517 13.205830335617065 13.833046913146973
tensor(0.0613) 0.9809348093480935 tensor(0.1062) 0.9753694581280788 12.417730808258057 26.886847257614136
tensor(0.0237) 0.995079950799508 tensor(0.0538) 0.9704433497536946 12.498355150222778 39.387431144714355
tensor(0.0074) 0.9993849938499385 tensor(0.0535) 0.9802955665024631 12.489494800567627 52.53509736061096
tensor(0.0050) 0.998769987699877 tensor(0.0239) 0.9901477832512315 12.690099477767944 65.8541910648346
tensor(0.0494) 0.9846248462484625 tensor(0.1062) 0.9704433497536946 12.545154809951782 78.40130424499512
tensor(0.0178) 0.9932349323493235 tensor(0.0189) 0.9950738916256158 12.46587061882019 91.51161909103394
tensor(0.0037) 0.998769987699877 tensor(0.0576) 0.9852216748768473 12.40890097618103 103.92242288589478
tensor(0.1271) 0.9710947109471094 tensor(0.1712) 0.9704433497536946 12.60106348991394 116.52592992782593
tensor(0.2161) 0.9551045510455105 tensor(0.3059) 0.9408866995073891 12.612815141677856 129.1419677734375
tensor(0.0004) 1.0 tensor(0.0284) 0.9950738916256158 12.484760046005249 141.63059759140015
tensor(0.0019) 0.9993849938499385 tensor(0.0324) 0.9901477832512315 12.547142267227173 154.18358945846558
tensor(0.0154) 0.995079950799508 tensor(0.0776) 0.9852216748768473 12.501956701278687 166.6886682510376
tensor(0.1261) 0.9600246002460024 tensor(0.1692) 0.9458128078817734 12.509293556213379 179.1999261379242
tensor(0.0100) 0.997539975399754 tensor(0.0877) 0.9802955665024631 12.479721546173096 191.68190717697144
tensor(0.0006) 1.0 tensor(0.0522) 0.9852216748768473 12.542161464691162 204.2273666858673
tensor(0.0002) 1.0 tensor(0.0297) 0.9950738916256158 12.783897161483765 217.01364517211914
tensor(0.0035) 0.998769987699877 tensor(0.0098) 0.9950738916256158 12.520094156265259 230.14952445030212
tensor(0.0005) 1.0 tensor(0.0884) 0.9753694581280788 12.53674030303955 242.689204454422
tensor(0.0035) 0.9981549815498155 tensor(0.1148) 0.9852216748768473 12.466043472290039 255.15737533569336
