tensor(0.2299) 0.998769987699877 tensor(0.2567) 0.9901477832512315 8.022668838500977 8.303624391555786
tensor(0.0218) 0.998769987699877 tensor(0.0373) 0.9901477832512315 6.797716856002808 15.331475973129272
tensor(0.0120) 0.9981549815498155 tensor(0.0324) 0.9901477832512315 6.856949806213379 22.41857361793518
tensor(0.0039) 1.0 tensor(0.0115) 0.9950738916256158 6.825487375259399 29.49882435798645
tensor(0.0024) 1.0 tensor(0.0080) 1.0 6.998179197311401 36.791455030441284
tensor(0.0016) 1.0 tensor(0.0065) 1.0 6.871415138244629 43.9206223487854
tensor(0.0016) 1.0 tensor(0.0102) 0.9950738916256158 6.782291889190674 50.70439314842224
tensor(0.0009) 1.0 tensor(0.0060) 1.0 6.884589433670044 57.821566343307495
tensor(0.0007) 1.0 tensor(0.0053) 1.0 6.764659881591797 64.84756755828857
tensor(0.0007) 1.0 tensor(0.0059) 0.9950738916256158 6.826427698135376 71.67567133903503
tensor(0.0007) 1.0 tensor(0.0072) 0.9950738916256158 6.813117742538452 78.49074935913086
tensor(0.0009) 1.0 tensor(0.0086) 0.9950738916256158 7.003633499145508 85.49608635902405
tensor(0.0003) 1.0 tensor(0.0037) 1.0 6.830011367797852 92.60597133636475
tensor(0.0003) 1.0 tensor(0.0038) 1.0 6.895576477050781 99.50504899024963
tensor(0.0004) 1.0 tensor(0.0066) 0.9950738916256158 6.802383661270142 106.30939674377441
tensor(0.0002) 1.0 tensor(0.0024) 1.0 6.873845100402832 113.43700909614563
tensor(0.0003) 1.0 tensor(0.0060) 0.9950738916256158 6.821682453155518 120.26134037971497
tensor(0.0001) 1.0 tensor(0.0035) 1.0 6.714712381362915 126.9784779548645
tensor(0.0001) 1.0 tensor(0.0036) 1.0 6.681524991989136 133.66150069236755
tensor(0.0001) 1.0 tensor(0.0027) 1.0 6.964817047119141 140.629647731781
