tensor(0.0038) 0.9993849938499385 tensor(0.0082) 1.0 8.461593627929688 8.6970055103302
tensor(0.0006) 1.0 tensor(0.0015) 1.0 7.98030686378479 16.9948410987854
tensor(0.0002) 1.0 tensor(0.0010) 1.0 7.631261110305786 24.84848427772522
tensor(0.0001) 1.0 tensor(0.0010) 1.0 7.677231311798096 32.52763557434082
tensor(7.6078e-05) 1.0 tensor(0.0002) 1.0 7.490617990493774 40.253594160079956
tensor(0.0003) 1.0 tensor(0.0005) 1.0 7.67822527885437 47.93487310409546
tensor(0.0001) 1.0 tensor(0.0011) 1.0 7.522849082946777 55.45996689796448
tensor(2.8533e-05) 1.0 tensor(0.0026) 1.0 7.651966333389282 63.11453700065613
tensor(2.2383e-05) 1.0 tensor(0.0008) 1.0 7.5683488845825195 70.68508434295654
tensor(0.0009) 0.9993849938499385 tensor(0.0199) 0.9950738916256158 7.665361404418945 78.35407876968384
tensor(0.0002) 1.0 tensor(0.0066) 0.9950738916256158 7.489820718765259 85.84561157226562
tensor(2.1042e-05) 1.0 tensor(0.0007) 1.0 7.57148814201355 93.41994500160217
tensor(8.8840e-06) 1.0 tensor(0.0009) 1.0 7.505127191543579 100.92705488204956
tensor(6.5251e-06) 1.0 tensor(0.0002) 1.0 7.476977109909058 108.40586304664612
tensor(4.7283e-06) 1.0 tensor(0.0004) 1.0 7.487614631652832 115.89562892913818
tensor(4.0805e-06) 1.0 tensor(0.0004) 1.0 7.503897666931152 123.40234136581421
tensor(3.1617e-06) 1.0 tensor(0.0019) 1.0 7.539617300033569 130.94377064704895
tensor(2.6650e-06) 1.0 tensor(0.0009) 1.0 7.524779558181763 138.47096753120422
tensor(2.2527e-06) 1.0 tensor(0.0005) 1.0 7.6717164516448975 146.14592456817627
tensor(8.1694e-06) 1.0 tensor(0.0002) 1.0 7.577445030212402 153.72523021697998
