tensor(0.1257) 0.9575645756457565 tensor(0.1999) 0.9408866995073891 12.220308780670166 12.838900327682495
tensor(0.0118) 0.996309963099631 tensor(0.0872) 0.9655172413793104 11.327577114105225 24.92896294593811
tensor(0.0015) 1.0 tensor(0.0251) 0.9901477832512315 11.031909465789795 36.66062927246094
tensor(0.0387) 0.9920049200492005 tensor(0.0375) 0.9901477832512315 11.202178716659546 47.86490607261658
tensor(0.0049) 0.998769987699877 tensor(0.0806) 0.9753694581280788 11.194658756256104 59.0625159740448
tensor(0.0036) 0.9993849938499385 tensor(0.0327) 0.9901477832512315 11.241527080535889 70.30902481079102
tensor(0.0094) 0.9969249692496925 tensor(0.0521) 0.9802955665024631 11.162894248962402 81.47401356697083
tensor(0.0108) 0.997539975399754 tensor(0.0131) 0.9950738916256158 11.203978061676025 93.40489172935486
tensor(0.0008) 1.0 tensor(0.0396) 0.9901477832512315 11.226507425308228 104.63443183898926
tensor(0.0004) 1.0 tensor(0.0095) 1.0 11.334100008010864 116.70773482322693
tensor(0.0113) 0.996309963099631 tensor(0.1360) 0.9704433497536946 11.363579034805298 128.07439589500427
tensor(0.0003) 1.0 tensor(0.0577) 0.9852216748768473 11.139707565307617 139.21629095077515
tensor(0.0075) 0.9969249692496925 tensor(0.0136) 0.9950738916256158 11.143024682998657 150.36175847053528
tensor(0.0022) 0.9993849938499385 tensor(0.0178) 0.9950738916256158 11.161739587783813 161.52552127838135
tensor(0.0176) 0.995079950799508 tensor(0.0731) 0.9950738916256158 11.226151466369629 172.75507974624634
tensor(0.0001) 1.0 tensor(0.0105) 0.9950738916256158 11.26097321510315 184.01943373680115
tensor(0.0365) 0.9944649446494465 tensor(0.0983) 0.9852216748768473 11.175568580627441 195.19729089736938
tensor(0.0067) 0.997539975399754 tensor(0.0210) 0.9950738916256158 11.094703435897827 206.29448008537292
tensor(0.0003) 1.0 tensor(0.0536) 0.9901477832512315 11.290182113647461 217.5867259502411
tensor(0.0046) 0.998769987699877 tensor(0.0424) 0.9901477832512315 11.280150413513184 228.8692865371704
